background 1
title Câmpie
wave 1
basic l 400 200 43 43 400 200
basic l 500 200 43 43 500 200
basic l 300 200 43 43 300 250
basic l 600 200 43 43 600 250
basic l 200 200 43 43 200 300
basic l 700 200 43 43 700 300
wave 2
basic t 450 20 43 43 450 300
basic l 315 20 43 43 315 320
basic l 580 20 43 43 580 320
basic l 260 20 43 43 285 310
basic l 610 20 43 43 610 310
wave 3
basic t 450 20 41 41 250 200
basic t 150 20 41 41 450 400
basic t 750 20 41 41 650 600
wave 4
basic t 30 20 41 41 30 600
basic t 900 20 41 41 900 600
basic l 750 20 41 41 750 500
basic l 650 20 41 41 650 500
basic l 550 20 41 41 550 700
basic l 450 20 41 41 450 700
basic l 350 20 41 41 350 400
basic l 250 20 41 41 250 400
basic l 150 20 41 41 150 200
wave 5
basic t 30 20 39 39 30 600
basic t 900 20 39 39 900 600
basic l 750 20 39 39 750 500
basic l 650 20 39 39 650 500
basic l 550 20 39 39 550 700
basic t 450 20 39 39 450 700
basic l 350 20 39 39 350 400
basic l 250 20 39 39 250 400
basic l 150 20 39 39 150 200
wave 6
basic c 650 40 39 39 650 400
basic c 250 40 39 39 250 400
